7 1 2
7 1 2
7 1 2
7 1 2
7 1 2
6.99496 1 2
7 1 2
6.94875 1 2
7 1 2
6.89041 1 2
7 1 2
6.88832 1 2
7 1 2
6.92012 1 2
7 1 2
6.91555 1 2
7 1 2
6.91532 1 2
7 1 2
6.91648 1 2
7 1 2
6.9091 0.94044 1.98764
7 1 2
6.91696 0.938703 1.98647
7 1 2
6.92727 0.941389 1.98899
7 1 2
6.91752 0.923455 1.98748
7 1 2
6.92827 0.924211 1.9889
7 1 2
6.92973 0.91358 1.98863
7 1 2
6.93686 0.917627 1.98947
7 1 2
6.94304 0.920872 1.99067
7 1 2
6.94358 0.902559 1.98991
7 1 2
5.76273 -0.502407 1.71148
7 1 2
6.28737 -1.01334 1.86564
7 1 2
6.70945 -0.0260021 1.94494
7 1 2
6.84278 0.511245 1.96884
7 1 2
6.91093 0.60396 1.98641
7 1 2
6.90291 0.662037 1.98089
7 1 2
6.93194 0.726369 1.9874
7 1 2
6.94202 0.724676 1.98849
7 1 2
6.95313 0.755669 1.9905
7 1 2
6.95561 0.738863 1.99078
7 1 2
6.96204 0.728201 1.99019
7 1 2
6.97516 0.766989 1.9938
7 1 2
6.97132 0.767984 1.9941
7 1 2
6.97653 0.803407 1.99454
7 1 2
6.98493 0.839065 1.99691
7 1 2
6.98625 0.856665 1.99793
7 1 2
6.98895 0.894229 1.9989
